+--------------------------------------------------------------------------------------------------------------------------------------------------------------------------------------------------------------------------------------------------------------+
; Legal Partition Candidates                                                                                                                                                                                                                                   ;
+---------------------------------------------------------+-------+----------------+--------------+----------------+--------+-----------------+---------------+-----------------+-------+----------------+--------------+------------------+-------------------+
; Hierarchy                                               ; Input ; Constant Input ; Unused Input ; Floating Input ; Output ; Constant Output ; Unused Output ; Floating Output ; Bidir ; Constant Bidir ; Unused Bidir ; Input only Bidir ; Output only Bidir ;
+---------------------------------------------------------+-------+----------------+--------------+----------------+--------+-----------------+---------------+-----------------+-------+----------------+--------------+------------------+-------------------+
; mytwo|TwoProc_reset_clk_domain_synch                    ; 3     ; 1              ; 0            ; 1              ; 1      ; 1               ; 1             ; 1               ; 0     ; 0              ; 0            ; 0                ; 0                 ;
; mytwo|the_timer_1                                       ; 23    ; 0              ; 0            ; 0              ; 17     ; 0               ; 0             ; 0               ; 0     ; 0              ; 0            ; 0                ; 0                 ;
; mytwo|the_timer_1_s1                                    ; 72    ; 1              ; 18           ; 1              ; 44     ; 1               ; 1             ; 1               ; 0     ; 0              ; 0            ; 0                ; 0                 ;
; mytwo|the_timer_0                                       ; 23    ; 0              ; 0            ; 0              ; 17     ; 0               ; 0             ; 0               ; 0     ; 0              ; 0            ; 0                ; 0                 ;
; mytwo|the_timer_0_s1                                    ; 71    ; 1              ; 18           ; 1              ; 44     ; 1               ; 1             ; 1               ; 0     ; 0              ; 0            ; 0                ; 0                 ;
; mytwo|the_out_1                                         ; 38    ; 0              ; 0            ; 0              ; 64     ; 0               ; 0             ; 0               ; 0     ; 0              ; 0            ; 0                ; 0                 ;
; mytwo|the_out_1_s1                                      ; 87    ; 1              ; 2            ; 1              ; 74     ; 1               ; 1             ; 1               ; 0     ; 0              ; 0            ; 0                ; 0                 ;
; mytwo|the_out_0                                         ; 38    ; 0              ; 0            ; 0              ; 64     ; 0               ; 0             ; 0               ; 0     ; 0              ; 0            ; 0                ; 0                 ;
; mytwo|the_out_0_s1                                      ; 86    ; 1              ; 2            ; 1              ; 74     ; 1               ; 1             ; 1               ; 0     ; 0              ; 0            ; 0                ; 0                 ;
; mytwo|the_onchip_memory_1|the_altsyncram|auto_generated ; 51    ; 0              ; 0            ; 0              ; 32     ; 0               ; 0             ; 0               ; 0     ; 0              ; 0            ; 0                ; 0                 ;
; mytwo|the_onchip_memory_1                               ; 53    ; 0              ; 1            ; 0              ; 32     ; 0               ; 0             ; 0               ; 0     ; 0              ; 0            ; 0                ; 0                 ;
; mytwo|the_onchip_memory_1_s1                            ; 111   ; 1              ; 4            ; 1              ; 94     ; 1               ; 1             ; 1               ; 0     ; 0              ; 0            ; 0                ; 0                 ;
; mytwo|the_onchip_memory_0|the_altsyncram|auto_generated ; 51    ; 0              ; 0            ; 0              ; 32     ; 0               ; 0             ; 0               ; 0     ; 0              ; 0            ; 0                ; 0                 ;
; mytwo|the_onchip_memory_0                               ; 53    ; 0              ; 1            ; 0              ; 32     ; 0               ; 0             ; 0               ; 0     ; 0              ; 0            ; 0                ; 0                 ;
; mytwo|the_onchip_memory_0_s1                            ; 109   ; 1              ; 4            ; 1              ; 94     ; 1               ; 1             ; 1               ; 0     ; 0              ; 0            ; 0                ; 0                 ;
; mytwo|the_mutex_0                                       ; 38    ; 0              ; 1            ; 0              ; 32     ; 0               ; 0             ; 0               ; 0     ; 0              ; 0            ; 0                ; 0                 ;
; mytwo|the_mutex_0_s1                                    ; 139   ; 2              ; 4            ; 2              ; 78     ; 2               ; 2             ; 2               ; 0     ; 0              ; 0            ; 0                ; 0                 ;
; mytwo|the_in_1                                          ; 12    ; 0              ; 0            ; 0              ; 32     ; 0               ; 0             ; 0               ; 0     ; 0              ; 0            ; 0                ; 0                 ;
; mytwo|the_in_1_s1                                       ; 54    ; 1              ; 2            ; 1              ; 40     ; 1               ; 1             ; 1               ; 0     ; 0              ; 0            ; 0                ; 0                 ;
; mytwo|the_in_0                                          ; 12    ; 0              ; 0            ; 0              ; 32     ; 0               ; 0             ; 0               ; 0     ; 0              ; 0            ; 0                ; 0                 ;
; mytwo|the_in_0_s1                                       ; 53    ; 1              ; 2            ; 1              ; 40     ; 1               ; 1             ; 1               ; 0     ; 0              ; 0            ; 0                ; 0                 ;
; mytwo|the_cpu_1                                         ; 150   ; 0              ; 31           ; 0              ; 109    ; 0               ; 0             ; 0               ; 0     ; 0              ; 0            ; 0                ; 0                 ;
; mytwo|the_cpu_1_instruction_master                      ; 95    ; 3              ; 4            ; 3              ; 53     ; 3               ; 3             ; 3               ; 0     ; 0              ; 0            ; 0                ; 0                 ;
; mytwo|the_cpu_1_data_master                             ; 230   ; 34             ; 18           ; 34             ; 83     ; 34              ; 34            ; 34              ; 0     ; 0              ; 0            ; 0                ; 0                 ;
; mytwo|the_cpu_1_jtag_debug_module                       ; 113   ; 1              ; 4            ; 1              ; 92     ; 1               ; 1             ; 1               ; 0     ; 0              ; 0            ; 0                ; 0                 ;
; mytwo|the_cpu_0                                         ; 150   ; 0              ; 31           ; 0              ; 107    ; 0               ; 0             ; 0               ; 0     ; 0              ; 0            ; 0                ; 0                 ;
; mytwo|the_cpu_0_instruction_master                      ; 94    ; 2              ; 3            ; 2              ; 52     ; 2               ; 2             ; 2               ; 0     ; 0              ; 0            ; 0                ; 0                 ;
; mytwo|the_cpu_0_data_master                             ; 229   ; 33             ; 17           ; 33             ; 82     ; 33              ; 33            ; 33              ; 0     ; 0              ; 0            ; 0                ; 0                 ;
; mytwo|the_cpu_0_jtag_debug_module                       ; 111   ; 1              ; 4            ; 1              ; 92     ; 1               ; 1             ; 1               ; 0     ; 0              ; 0            ; 0                ; 0                 ;
; mytwo                                                   ; 18    ; 37             ; 0            ; 37             ; 64     ; 37              ; 37            ; 37              ; 0     ; 0              ; 0            ; 0                ; 0                 ;
+---------------------------------------------------------+-------+----------------+--------------+----------------+--------+-----------------+---------------+-----------------+-------+----------------+--------------+------------------+-------------------+
